[ 3879.741942] [Project1] 3448 1588087543.847450607 1588087544.814410509
[ 3881.710567] [Project1] 3449 1588087545.765552803 1588087546.783036509
[ 3883.622559] [Project1] 3450 1588087547.724595920 1588087548.695042061
[ 3885.514672] [Project1] 3451 1588087549.632203729 1588087550.587142013
[ 3887.453364] [Project1] 3454 1588087551.548031302 1588087552.525813880
[ 3889.321604] [Project1] 3455 1588087553.437505993 1588087554.394086146
[ 3891.260055] [Project1] 3456 1588087555.372933355 1588087556.332519565
[ 3893.219613] [Project1] 3457 1588087557.314586580 1588087558.292094911
[ 3895.082566] [Project1] 3458 1588087559.210241583 1588087560.155026012
[ 3897.019585] [Project1] 3459 1588087561.125606420 1588087562.092065029
